1001 121.82475 24.87508 140
1002 121.80099 24.86145 52
1003 121.77503 24.85855 428
1004 121.7879 24.83967 22
1005 121.82087 24.82635 9
1006 121.76431 24.82847 52
1007 121.7985 24.8227 9
1008 121.71726 24.82343 556
1009 121.74304 24.81398 65
1010 121.72085 24.80108 102
1011 121.76354 24.79779 10
1012 121.79167 24.78064 6
1013 121.81659 24.77584 19
1014 121.65378 24.79331 289
1015 121.68918 24.78653 120
1016 121.72117 24.77181 60
1017 121.76251 24.78207 10
1018 121.79537 24.76511 8
1019 121.6416 24.754 465
1020 121.72579 24.74671 17
1021 121.75727 24.7482 21
1022 121.78688 24.74133 2
1023 121.81299 24.72431 0
1024 121.70094 24.72979 24
1025 121.7264 24.718 18
1026 121.78178 24.72026 7
1027 121.67379 24.71055 59
1028 121.7185 24.68719 30
1029 121.75144 24.70368 17
1030 121.77664 24.68945 11
1031 121.61182 24.70298 250
1032 121.60501 24.68785 253
1033 121.63776 24.69638 106
1034 121.66582 24.68835 85
1035 121.68984 24.67581 53
1036 121.71018 24.66466 53
1037 121.72848 24.65388 59
1038 121.76137 24.66591 13
1039 121.78986 24.66885 -2
1040 121.81235 24.66636 -1
1041 121.83224 24.65232 2
1042 121.75131 24.64766 148
1043 121.76834 24.63437 19
1044 121.80164 24.63031 20
1045 121.8064 24.64527 11
1046 121.65451 24.66048 107
1047 121.70454 24.64048 93
1048 121.73739 24.62748 61
1049 121.78022 24.6156 69
1050 121.81637 24.61655 32
1051 121.83081 24.59442 50
1052 121.85282 24.59938 44
1053 121.86054 24.57823 145
2001 121.58803 24.67526 375
2002 121.61698 24.65667 134
2003 121.63516 24.64252 425
2004 121.67667 24.62056 175
2005 121.71175 24.61501 148
2006 121.75299 24.59425 733
2007 121.80291 24.57464 196
2008 121.84288 24.55994 70
2009 121.86607 24.55146 261
2010 121.86559 24.53102 329
2011 121.82895 24.53639 155
2012 121.78914 24.55613 596
2013 121.74384 24.57279 872
2014 121.68474 24.5979 206
2015 121.63633 24.61787 275
2016 121.60478 24.63449 192
2017 121.56453 24.6681 275
2018 121.57885 24.65205 214
2019 121.55437 24.63876 245
2020 121.57544 24.63034 221
2021 121.54192 24.62504 248
2022 121.53303 24.62973 575
2023 121.55119 24.61088 371
2024 121.5282 24.60969 290
2025 121.5127 24.60956 695
2026 121.52568 24.59735 306
2027 121.50816 24.59297 354
2028 121.49679 24.57399 380
