3001 121.67928 24.70794 56
3002 121.68145 24.70743 59
3003 121.68393 24.70756 53
3004 121.68639 24.70742 51
3005 121.68863 24.70742 49
3006 121.69087 24.70747 47
3007 121.69379 24.70743 46
3008 121.69611 24.70746 48
3009 121.69871 24.70748 47
3010 121.70102 24.70711 50
3011 121.7039 24.70724 55
3012 121.70604 24.70726 60
3013 121.7085 24.7072 68
3014 121.71089 24.70737 25
3015 121.7134 24.70725 24
3016 121.71592 24.70715 23
3017 121.71833 24.70711 22
3018 121.67893 24.70961 51
3019 121.68225 24.7106 51
3020 121.68426 24.70885 53
3021 121.68628 24.70993 49
3022 121.68939 24.71029 46
3023 121.69122 24.70975 43
3024 121.69398 24.70987 42
3025 121.69672 24.70946 39
3026 121.69822 24.70949 38
3027 121.70041 24.7095 24
3028 121.70297 24.71002 34
3029 121.70582 24.70936 33
3030 121.70859 24.70969 31
3031 121.71054 24.70937 30
3032 121.71357 24.70993 30
3033 121.71582 24.71004 27
3034 121.7178 24.70977 30
3035 121.67853 24.71209 49
3036 121.68135 24.71202 47
3037 121.68356 24.71284 45
3039 121.68909 24.71165 41
3040 121.69092 24.71286 41
3041 121.69305 24.7123 35
3042 121.69559 24.71168 36
3043 121.69845 24.71248 33
3044 121.70172 24.71248 33
3045 121.7034 24.71229 33
3046 121.7056 24.71209 28
3047 121.70828 24.71094 31
3048 121.71133 24.71238 27
3049 121.71428 24.71147 24
3050 121.71642 24.71288 23
3051 121.71891 24.71172 21
4001 121.67862 24.70113 64
4002 121.68083 24.7006 66
4003 121.68381 24.70042 56
4004 121.68587 24.70038 53
4005 121.68892 24.70084 51
4006 121.69145 24.70054 46
4007 121.69395 24.70066 45
4008 121.69599 24.70071 43
4009 121.69841 24.70076 41
4010 121.70119 24.70077 38
4011 121.7032 24.70085 36
4012 121.70552 24.70076 32
4013 121.70798 24.70084 29
4014 121.71074 24.70105 32
4015 121.71345 24.70055 29
4016 121.7154 24.69974 31
4017 121.71858 24.70086 31
4018 121.67802 24.69853 59
4019 121.68162 24.69875 55
4020 121.68409 24.69898 53
4021 121.6865 24.69899 54
4022 121.68863 24.69901 48
4023 121.69122 24.69927 47
4024 121.69404 24.69865 46
4025 121.696 24.69832 50
4026 121.69876 24.69875 42
4027 121.70152 24.69843 42
4028 121.70338 24.6991 39
4029 121.70594 24.69964 42
4030 121.70896 24.69924 35
4031 121.71089 24.69889 34
4032 121.71333 24.69887 31
4033 121.71593 24.69781 30
4034 121.71854 24.6985 29
4035 121.67887 24.69658 59
4036 121.68107 24.69655 55
4037 121.68367 24.69569 56
4038 121.68615 24.69628 58
4039 121.68858 24.69723 56
4040 121.69165 24.69667 58
4041 121.69291 24.69639 86
4042 121.69607 24.69691 58
4043 121.69738 24.69741 60
4044 121.7009 24.69674 47
4045 121.7033 24.6964 31
4046 121.70625 24.69651 36
4047 121.70976 24.69665 33
4048 121.71092 24.69715 33
4049 121.71331 24.69645 33
4050 121.71566 24.69556 20
4051 121.71896 24.69607 25
4052 121.67951 24.69502 55
4053 121.68152 24.69374 53
4054 121.68304 24.69382 56
4055 121.68564 24.69398 51
4056 121.68908 24.69372 98
4057 121.69094 24.69419 86
4058 121.6942 24.69395 60
4059 121.69586 24.69429 55
4060 121.69847 24.69409 36
4061 121.70126 24.69392 33
4062 121.70364 24.69448 31
4063 121.70587 24.69363 29
4064 121.70883 24.69387 28
4065 121.71058 24.69365 25
4066 121.71351 24.69361 24
4067 121.71549 24.69387 20
4068 121.71857 24.69411 20
4069 121.67868 24.69347 57
4070 121.68042 24.69124 50
4071 121.68279 24.69227 48
4072 121.68584 24.6925 45
4073 121.68904 24.69319 44
4074 121.6917 24.69266 41
4075 121.69394 24.69157 41
4076 121.69571 24.69234 39
4077 121.69916 24.69213 36
4078 121.70175 24.6929 31
4079 121.70396 24.69263 30
4080 121.70613 24.69204 28
4081 121.70841 24.69172 26
4082 121.71083 24.69236 24
4083 121.71436 24.69133 23
4084 121.71604 24.6918 23
4085 121.71958 24.69184 20
4086 121.67893 24.69005 51
4087 121.68092 24.68937 48
4088 121.68402 24.69017 44
4089 121.68606 24.68972 40
4090 121.68784 24.6899 34
4091 121.68964 24.68933 3
4092 121.69388 24.68959 3
4093 121.69638 24.69024 3
4094 121.69843 24.68976 3
4095 121.70055 24.68943 3
4096 121.70228 24.69091 3
4097 121.70575 24.68909 3
4098 121.70959 24.68984 3
4099 121.71078 24.69017 3
4100 121.71305 24.68877 3
4101 121.71612 24.68969 3
4102 121.71826 24.68942 3
4103 121.67863 24.68696 3
4104 121.68068 24.68743 3
4105 121.68429 24.68723 3
4106 121.6885 24.68748 3
4107 121.68662 24.68826 3
4108 121.69062 24.68712 3
4109 121.69333 24.68763 3
4110 121.69531 24.68688 3
4111 121.69881 24.68678 3
4112 121.70081 24.68741 3
4113 121.70314 24.68798 3
4114 121.70579 24.68739 3
4115 121.70957 24.68447 3
4116 121.71121 24.68829 3
4117 121.71415 24.68699 3
4118 121.71596 24.68759 3
4119 121.71806 24.68745 3
4120 121.67886 24.68542 3
4121 121.68132 24.68564 3
4122 121.68354 24.68482 3
4123 121.68555 24.68505 3
4124 121.68807 24.68554 3
4125 121.69131 24.68621 3
4126 121.6943 24.68465 3
4127 121.69639 24.6847 3
4128 121.69943 24.68482 3
4129 121.70102 24.68507 3
4130 121.70366 24.68525 3
4131 121.70577 24.6854 3
4132 121.70833 24.68562 3
4133 121.71067 24.68581 3
4134 121.7135 24.68557 3
4135 121.71607 24.68511 3
4136 121.7178 24.68562 3